-0.16
-0.28
-0.10
-0.10
-0.10
-0.04
-0.26
-0.02
-0.04
0.02
-0.32
-0.12
-0.2
-0.14
-0.2
-0.06
-0.26
0.12
-0.10
-0.30
-0.22
-0.44
-0.18
-0.06
-0.32
-0.32
-0.26
-0.16
-0.24
-0.02
-0.16
-0.22
0.04
-0.12
-0.14
-0.02
-0.18
-0.08
0.00
-0.40
-0.02
-0.22
-0.10
-0.14
-0.24
-0.08
-0.28
-0.24
-0.12
-0.32
-0.22
-0.34
-0.24
-0.18
-0.06
-0.06
-0.30
-0.10
-0.12
-0.2
-0.2
-0.32
-0.2
-0.26
0.08
-0.38
-0.2
-0.24
0.02
-0.16
0.04
-0.24
-0.22
-0.22
-0.08
-0.06
-0.32
-0.14
-0.06
-0.30
-0.28
-0.22
-0.44
-0.08
-0.20
-0.24
0.16
-0.08
-0.02
-0.26
-0.26
0.00
-0.36
-0.18
-0.02
-0.08
-0.18
-0.18
0.02
-0.18
-0.28
-0.12
-0.2
-0.2
-0.04
-0.12
-0.12
-0.08
-0.24
-0.34
-0.30
-0.22
-0.20
-0.04
-0.08
-0.04
-0.2
-0.30
-0.16
-0.04
-0.2
-0.30
-0.08
-0.02
-0.16
-0.06
-0.2
-0.36
0.14
-0.12
-0.30
-0.2
-0.2
-0.08
-0.2
0.08
0.00
0.02
-0.14
-0.34
-0.2
-0.22
-0.04
-0.30
-0.06
-0.40
-0.2
-0.2
-0.08
-0.14
-0.06
0.12
-0.26
-0.26
-0.14
-0.26
-0.52
-0.14
-0.24
-0.34
-0.46
-0.14
-0.04
-0.10
-0.18
-0.06
-0.20
-0.16
-0.20
-0.16
-0.24
-0.22
-0.28
0.14
-0.22
-0.22
-0.08
-0.10
-0.14
0.06
-0.18
-0.02
-0.12
0.00
-0.18
-0.06
-0.28
-0.40
-0.30
-0.02
-0.50
-0.22
-0.30
-0.12
-0.04
-0.18
0.04
-0.18
-0.28
-0.08
-0.32